name: Miraex_2021_12_15
channels:
  - conda-forge
  - defaults
dependencies:
  - autopep8=1.6.0=pyhd8ed1ab_1
  - brotli=1.0.9=h8ffe710_6
  - brotli-bin=1.0.9=h8ffe710_6
  - ca-certificates=2021.10.8=h5b45459_0
  - certifi=2021.10.8=py38haa244fe_1
  - console_shortcut=0.1.1=4
  - cycler=0.11.0=pyhd8ed1ab_0
  - fonttools=4.28.3=py38h294d835_0
  - freetype=2.10.4=h546665d_1
  - icu=68.2=h0e60522_0
  - intel-openmp=2021.4.0=h57928b3_3556
  - jbig=2.1=h8d14728_2003
  - jpeg=9d=h8ffe710_0
  - kiwisolver=1.3.2=py38hbd9d945_1
  - lcms2=2.12=h2a16943_0
  - lerc=3.0=h0e60522_0
  - libblas=3.9.0=12_win64_mkl
  - libbrotlicommon=1.0.9=h8ffe710_6
  - libbrotlidec=1.0.9=h8ffe710_6
  - libbrotlienc=1.0.9=h8ffe710_6
  - libcblas=3.9.0=12_win64_mkl
  - libclang=11.1.0=default_h5c34c98_1
  - libdeflate=1.8=h8ffe710_0
  - liblapack=3.9.0=12_win64_mkl
  - libpng=1.6.37=h1d00b33_2
  - libtiff=4.3.0=hd413186_2
  - libzlib=1.2.11=h8ffe710_1013
  - lz4-c=1.9.3=h8ffe710_1
  - matplotlib=3.5.1=py38haa244fe_0
  - matplotlib-base=3.5.1=py38h1f000d6_0
  - mkl=2021.4.0=h0e2418a_729
  - munkres=1.1.4=pyh9f0ad1d_0
  - numpy=1.21.4=py38h089cfbf_0
  - olefile=0.46=pyh9f0ad1d_1
  - openjpeg=2.4.0=hb211442_1
  - openssl=1.1.1l=h8ffe710_0
  - packaging=21.3=pyhd8ed1ab_0
  - pillow=8.4.0=py38h794f750_0
  - pip=21.3.1=pyhd8ed1ab_0
  - pycodestyle=2.8.0=pyhd8ed1ab_0
  - pyparsing=3.0.6=pyhd8ed1ab_0
  - pyqt=5.12.3=py38haa244fe_8
  - pyqt-impl=5.12.3=py38h885f38d_8
  - pyqt5-sip=4.19.18=py38h885f38d_8
  - pyqtchart=5.12=py38h885f38d_8
  - pyqtwebengine=5.12.1=py38h885f38d_8
  - python=3.8.12=h7840368_2_cpython
  - python-dateutil=2.8.2=pyhd8ed1ab_0
  - python_abi=3.8=2_cp38
  - qt=5.12.9=h5909a2a_4
  - setuptools=59.6.0=py38haa244fe_0
  - six=1.16.0=pyh6c4a22f_0
  - sqlite=3.37.0=h8ffe710_0
  - tbb=2021.4.0=h2d74725_1
  - tk=8.6.11=h8ffe710_1
  - toml=0.10.2=pyhd8ed1ab_0
  - tornado=6.1=py38h294d835_2
  - ucrt=10.0.20348.0=h57928b3_0
  - unicodedata2=13.0.0.post2=py38h294d835_4
  - vc=14.2=hb210afc_5
  - vs2015_runtime=14.29.30037=h902a5da_5
  - wheel=0.37.0=pyhd8ed1ab_1
  - xz=5.2.5=h62dcd97_1
  - zlib=1.2.11=h8ffe710_1013
  - zstd=1.5.0=h6255e5f_0
  - pip:
    - cubini==0.1
    - importlib-metadata==4.8.2
    - importlib-resources==5.4.0
    - libusb==1.0.24b1
    - pkg-about==1.0.3
    - python-libtiepie==0.9.7
    - pyusb==1.2.1
    - zipp==3.6.0
